15
0 0 12 11
0 1 1 14
0 2 4 4
0 3 8 5
0 4 4 2
0 5 8 14
0 6 14 3
0 7 2 5
0 8 14 6
0 9 7 9
0 10 0 11
0 11 7 1
0 12 2 11
0 13 2 1
0 14 2 4
1 0 4 8
1 1 9 3
1 2 2 9
1 3 14 2
1 4 11 12
1 5 6 12
1 6 9 6
1 7 7 8
1 8 7 5
1 9 4 1
1 10 8 10
1 11 9 11
1 12 2 14
1 13 9 14
1 14 12 10
2 0 9 10
2 1 6 9
2 2 7 7
2 3 6 6
2 4 11 10
2 5 4 6
2 6 4 3
2 7 9 0
2 8 4 14
2 9 10 14
2 10 7 11
2 11 7 2
2 12 8 6
2 13 3 1
2 14 0 1
3 0 6 0
3 1 3 14
3 2 5 13
3 3 8 13
3 4 14 10
3 5 12 8
3 6 2 7
3 7 9 13
3 8 14 9
3 9 10 0
3 10 14 11
3 11 14 7
3 12 13 7
3 13 6 14
3 14 7 14
4 0 8 7
4 1 7 3
4 2 0 5
4 3 6 7
4 4 12 0
4 5 0 9
4 6 13 5
4 7 11 6
4 8 13 10
4 9 12 2
4 10 3 3
4 11 7 6
4 12 0 10
4 13 1 7
4 14 7 0
5 0 11 9
5 1 14 13
5 2 10 10
5 3 0 13
5 4 10 4
5 5 5 1
5 6 5 6
5 7 6 13
5 8 14 1
5 9 2 10
5 10 12 1
5 11 12 9
5 12 5 7
5 13 13 4
5 14 1 0
6 0 10 12
6 1 6 1
6 2 8 11
6 3 13 3
6 4 14 8
6 5 8 2
6 6 13 9
6 7 1 10
6 8 4 11
6 9 2 3
6 10 4 5
6 11 5 3
6 12 2 6
6 13 9 2
6 14 5 9
7 0 13 13
7 1 6 10
7 2 9 12
7 3 5 14
7 4 3 5
7 5 14 0
7 6 12 3
7 7 3 11
7 8 4 12
7 9 14 12
7 10 0 8
7 11 2 13
7 12 12 6
7 13 1 5
7 14 3 7
8 0 12 7
8 1 1 6
8 2 3 12
8 3 1 12
8 4 0 14
8 5 13 12
8 6 12 4
8 7 9 1
8 8 2 12
8 9 4 7
8 10 1 11
8 11 13 1
8 12 11 11
8 13 10 3
8 14 0 12
9 0 5 2
9 1 10 7
9 2 10 1
9 3 13 11
9 4 12 12
9 5 5 4
9 6 8 12
9 7 6 11
9 8 6 2
9 9 5 11
9 10 8 0
9 11 5 8
9 12 7 10
9 13 12 14
9 14 1 9
10 0 9 4
10 1 11 14
10 2 11 4
10 3 14 4
10 4 0 3
10 5 8 3
10 6 6 5
10 7 10 11
10 8 4 10
10 9 10 6
10 10 3 4
10 11 3 2
10 12 8 8
10 13 7 13
10 14 0 2
11 0 4 9
11 1 3 0
11 2 13 8
11 3 2 0
11 4 1 8
11 5 11 2
11 6 9 8
11 7 6 3
11 8 0 4
11 9 11 5
11 10 4 0
11 11 11 3
11 12 6 8
11 13 5 0
11 14 2 2
12 0 9 7
12 1 10 9
12 2 10 8
12 3 1 2
12 4 3 10
12 5 0 6
12 6 11 0
12 7 14 5
12 8 2 8
12 9 13 6
12 10 9 5
12 11 11 8
12 12 10 5
12 13 5 10
12 14 5 12
13 0 13 14
13 1 3 9
13 2 1 4
13 3 3 6
13 4 13 2
13 5 1 1
13 6 11 13
13 7 1 3
13 8 3 8
13 9 13 0
13 10 10 13
13 11 0 0
13 12 8 1
13 13 12 5
13 14 10 2
14 0 3 13
14 1 14 14
14 2 5 5
14 3 12 13
14 4 11 7
14 5 4 13
14 6 9 9
14 7 7 12
14 8 7 4
14 9 0 7
14 10 8 9
14 11 11 1
14 12 8 4
14 13 1 13
14 14 6 4
