20
0 0 19 3
0 1 17 11
0 2 15 2
0 3 17 17
0 4 18 9
0 5 11 5
0 6 4 6
0 7 7 9
0 8 7 6
0 9 11 18
0 10 10 10
0 11 3 11
0 12 10 8
0 13 18 7
0 14 14 14
0 15 9 12
0 16 8 10
0 17 1 5
0 18 6 3
0 19 16 16
1 0 2 15
1 1 1 12
1 2 8 0
1 3 16 8
1 4 18 17
1 5 13 16
1 6 0 14
1 7 11 15
1 8 8 17
1 9 17 1
1 10 14 15
1 11 1 18
1 12 18 8
1 13 19 9
1 14 11 4
1 15 17 3
1 16 5 1
1 17 17 7
1 18 9 9
1 19 17 13
2 0 10 1
2 1 6 9
2 2 3 10
2 3 0 2
2 4 11 13
2 5 13 15
2 6 3 2
2 7 9 16
2 8 9 5
2 9 3 18
2 10 16 18
2 11 8 7
2 12 14 9
2 13 3 12
2 14 0 7
2 15 3 16
2 16 14 2
2 17 10 9
2 18 17 6
2 19 7 12
3 0 5 0
3 1 6 12
3 2 2 6
3 3 2 19
3 4 7 18
3 5 13 11
3 6 12 5
3 7 6 16
3 8 1 19
3 9 7 10
3 10 9 18
3 11 15 19
3 12 1 0
3 13 6 14
3 14 1 7
3 15 14 16
3 16 8 6
3 17 15 7
3 18 4 1
3 19 19 7
4 0 1 6
4 1 11 0
4 2 11 19
4 3 15 6
4 4 12 8
4 5 14 17
4 6 17 18
4 7 6 6
4 8 10 16
4 9 19 18
4 10 15 18
4 11 8 12
4 12 11 11
4 13 10 6
4 14 0 15
4 15 6 18
4 16 9 7
4 17 11 2
4 18 4 3
4 19 1 13
5 0 2 4
5 1 16 2
5 2 18 14
5 3 17 5
5 4 1 16
5 5 18 2
5 6 16 0
5 7 9 3
5 8 7 3
5 9 16 7
5 10 10 5
5 11 19 12
5 12 5 12
5 13 12 6
5 14 13 6
5 15 0 0
5 16 6 2
5 17 17 0
5 18 15 0
5 19 17 2
6 0 8 14
6 1 11 9
6 2 1 3
6 3 4 19
6 4 0 16
6 5 12 12
6 6 15 8
6 7 17 14
6 8 15 15
6 9 5 4
6 10 2 18
6 11 12 15
6 12 2 1
6 13 14 19
6 14 19 4
6 15 12 19
6 16 7 17
6 17 17 19
6 18 5 3
6 19 2 3
7 0 19 11
7 1 2 12
7 2 13 3
7 3 11 3
7 4 4 12
7 5 7 11
7 6 19 16
7 7 3 1
7 8 7 15
7 9 5 8
7 10 19 2
7 11 11 8
7 12 5 13
7 13 8 15
7 14 7 2
7 15 7 19
7 16 7 8
7 17 19 17
7 18 4 17
7 19 12 3
8 0 10 12
8 1 8 16
8 2 12 11
8 3 16 4
8 4 2 16
8 5 15 3
8 6 12 2
8 7 18 12
8 8 3 3
8 9 16 19
8 10 9 1
8 11 0 4
8 12 0 9
8 13 8 1
8 14 17 4
8 15 7 0
8 16 15 4
8 17 12 4
8 18 8 18
8 19 15 1
9 0 14 13
9 1 13 9
9 2 14 4
9 3 5 18
9 4 19 19
9 5 4 16
9 6 1 8
9 7 14 1
9 8 16 14
9 9 6 13
9 10 19 8
9 11 5 9
9 12 15 17
9 13 16 12
9 14 4 11
9 15 5 15
9 16 11 10
9 17 13 14
9 18 2 2
9 19 16 3
10 0 13 13
10 1 5 11
10 2 15 12
10 3 16 10
10 4 2 9
10 5 7 5
10 6 13 19
10 7 5 19
10 8 16 13
10 9 16 5
10 10 0 5
10 11 19 6
10 12 14 6
10 13 0 8
10 14 19 13
10 15 10 17
10 16 1 1
10 17 2 17
10 18 13 12
10 19 0 11
11 0 3 8
11 1 18 4
11 2 4 0
11 3 13 17
11 4 17 12
11 5 18 5
11 6 12 13
11 7 0 19
11 8 3 4
11 9 4 13
11 10 10 14
11 11 6 5
11 12 7 13
11 13 2 8
11 14 3 17
11 15 14 11
11 16 7 1
11 17 11 1
11 18 13 18
11 19 10 4
12 0 3 13
12 1 12 16
12 2 19 15
12 3 15 9
12 4 16 17
12 5 7 16
12 6 12 10
12 7 8 13
12 8 9 14
12 9 4 2
12 10 11 12
12 11 9 10
12 12 6 10
12 13 0 18
12 14 0 3
12 15 10 19
12 16 9 0
12 17 13 10
12 18 5 6
12 19 10 18
13 0 9 11
13 1 19 5
13 2 2 0
13 3 18 3
13 4 3 0
13 5 9 4
13 6 4 4
13 7 10 15
13 8 13 1
13 9 10 13
13 10 5 14
13 11 4 15
13 12 1 11
13 13 4 18
13 14 3 5
13 15 5 7
13 16 12 0
13 17 1 15
13 18 17 10
13 19 9 2
14 0 18 15
14 1 10 0
14 2 1 2
14 3 17 8
14 4 12 17
14 5 0 1
14 6 6 8
14 7 8 4
14 8 3 14
14 9 3 19
14 10 8 3
14 11 18 1
14 12 13 8
14 13 9 15
14 14 16 9
14 15 10 3
14 16 5 10
14 17 4 9
14 18 6 0
14 19 0 12
15 0 3 6
15 1 9 8
15 2 18 13
15 3 12 1
15 4 4 5
15 5 4 14
15 6 4 7
15 7 10 7
15 8 14 0
15 9 10 2
15 10 11 16
15 11 14 8
15 12 14 18
15 13 18 10
15 14 7 7
15 15 5 16
15 16 3 7
15 17 0 13
15 18 4 8
15 19 13 5
16 0 1 9
16 1 17 15
16 2 15 16
16 3 2 11
16 4 15 14
16 5 12 9
16 6 8 19
16 7 19 0
16 8 12 7
16 9 1 14
16 10 1 10
16 11 9 13
16 12 19 1
16 13 15 13
16 14 2 13
16 15 14 7
16 16 18 6
16 17 4 10
16 18 16 15
16 19 8 2
17 0 2 7
17 1 16 1
17 2 11 14
17 3 11 6
17 4 6 7
17 5 18 11
17 6 13 0
17 7 13 7
17 8 8 11
17 9 11 17
17 10 13 4
17 11 0 10
17 12 6 1
17 13 14 3
17 14 14 5
17 15 3 9
17 16 2 10
17 17 1 17
17 18 19 10
17 19 12 14
18 0 6 4
18 1 10 11
18 2 15 11
18 3 18 0
18 4 6 11
18 5 8 9
18 6 9 17
18 7 11 7
18 8 16 6
18 9 18 18
18 10 2 14
18 11 5 5
18 12 12 18
18 13 5 17
18 14 18 16
18 15 0 17
18 16 6 17
18 17 7 14
18 18 14 10
18 19 6 19
19 0 15 5
19 1 15 10
19 2 9 6
19 3 19 14
19 4 8 8
19 5 2 5
19 6 8 5
19 7 7 4
19 8 18 19
19 9 9 19
19 10 3 15
19 11 1 4
19 12 17 9
19 13 14 12
19 14 17 16
19 15 6 15
19 16 13 2
19 17 0 6
19 18 16 11
19 19 5 2
