25
0 0 13 14
0 1 0 10
0 2 17 24
0 3 17 6
0 4 21 3
0 5 6 2
0 6 21 6
0 7 19 21
0 8 20 17
0 9 24 23
0 10 12 5
0 11 14 6
0 12 23 20
0 13 20 2
0 14 23 9
0 15 13 4
0 16 20 9
0 17 0 7
0 18 7 2
0 19 20 11
0 20 11 21
0 21 0 4
0 22 19 22
0 23 9 1
0 24 11 5
1 0 5 15
1 1 24 9
1 2 24 13
1 3 19 19
1 4 10 16
1 5 22 13
1 6 15 10
1 7 14 16
1 8 14 7
1 9 15 17
1 10 6 23
1 11 16 17
1 12 6 19
1 13 20 18
1 14 18 18
1 15 7 23
1 16 13 9
1 17 24 2
1 18 15 9
1 19 22 7
1 20 1 17
1 21 0 24
1 22 21 2
1 23 6 10
1 24 3 2
2 0 1 24
2 1 11 19
2 2 2 15
2 3 11 23
2 4 8 17
2 5 18 23
2 6 15 15
2 7 11 0
2 8 19 23
2 9 3 6
2 10 21 11
2 11 11 22
2 12 9 15
2 13 12 1
2 14 3 10
2 15 0 22
2 16 9 16
2 17 17 11
2 18 6 13
2 19 19 11
2 20 21 4
2 21 4 13
2 22 8 7
2 23 13 22
2 24 12 10
3 0 19 7
3 1 11 16
3 2 16 11
3 3 1 14
3 4 8 12
3 5 5 19
3 6 23 11
3 7 0 9
3 8 21 19
3 9 4 18
3 10 3 9
3 11 21 15
3 12 10 6
3 13 13 23
3 14 12 22
3 15 12 15
3 16 1 13
3 17 24 15
3 18 23 0
3 19 12 19
3 20 11 11
3 21 12 0
3 22 7 12
3 23 2 21
3 24 5 7
4 0 6 1
4 1 15 7
4 2 1 20
4 3 23 21
4 4 18 1
4 5 23 24
4 6 14 17
4 7 4 7
4 8 21 24
4 9 16 7
4 10 18 4
4 11 12 23
4 12 18 6
4 13 9 0
4 14 2 22
4 15 22 12
4 16 2 4
4 17 20 4
4 18 21 23
4 19 24 11
4 20 5 2
4 21 20 19
4 22 10 22
4 23 10 3
4 24 4 15
5 0 10 8
5 1 12 14
5 2 3 16
5 3 14 20
5 4 7 18
5 5 19 0
5 6 15 18
5 7 22 18
5 8 0 19
5 9 20 12
5 10 1 1
5 11 16 3
5 12 18 13
5 13 8 21
5 14 22 24
5 15 0 21
5 16 22 22
5 17 8 15
5 18 11 10
5 19 19 16
5 20 13 17
5 21 9 14
5 22 14 23
5 23 20 6
5 24 1 6
6 0 5 12
6 1 11 2
6 2 16 23
6 3 21 9
6 4 22 0
6 5 0 5
6 6 15 6
6 7 24 20
6 8 13 10
6 9 10 18
6 10 23 15
6 11 4 2
6 12 24 5
6 13 21 5
6 14 24 6
6 15 3 12
6 16 16 22
6 17 7 7
6 18 6 12
6 19 14 21
6 20 5 6
6 21 10 24
6 22 23 19
6 23 15 4
6 24 7 4
7 0 6 7
7 1 9 17
7 2 17 4
7 3 7 22
7 4 2 12
7 5 15 19
7 6 4 10
7 7 16 19
7 8 0 2
7 9 6 9
7 10 20 15
7 11 2 6
7 12 13 0
7 13 20 20
7 14 15 24
7 15 3 19
7 16 23 14
7 17 6 11
7 18 5 9
7 19 3 23
7 20 12 11
7 21 23 16
7 22 6 6
7 23 18 20
7 24 7 0
8 0 2 10
8 1 0 17
8 2 19 2
8 3 0 8
8 4 7 9
8 5 21 13
8 6 19 4
8 7 11 20
8 8 18 24
8 9 5 10
8 10 0 12
8 11 0 15
8 12 15 2
8 13 9 23
8 14 10 1
8 15 0 16
8 16 9 11
8 17 7 19
8 18 16 8
8 19 0 6
8 20 11 6
8 21 7 13
8 22 22 2
8 23 19 10
8 24 22 14
9 0 7 3
9 1 13 7
9 2 11 13
9 3 2 9
9 4 13 24
9 5 22 4
9 6 20 5
9 7 20 24
9 8 4 24
9 9 1 19
9 10 17 0
9 11 21 1
9 12 17 17
9 13 2 23
9 14 1 9
9 15 21 12
9 16 4 16
9 17 16 24
9 18 2 1
9 19 14 24
9 20 7 8
9 21 2 14
9 22 1 7
9 23 3 4
9 24 10 2
10 0 3 22
10 1 4 23
10 2 12 24
10 3 20 13
10 4 4 4
10 5 7 15
10 6 24 17
10 7 13 21
10 8 10 10
10 9 13 13
10 10 1 16
10 11 14 11
10 12 11 9
10 13 4 6
10 14 0 18
10 15 21 0
10 16 22 15
10 17 23 18
10 18 19 8
10 19 17 23
10 20 17 15
10 21 16 6
10 22 4 8
10 23 23 2
10 24 23 3
11 0 17 3
11 1 17 18
11 2 12 18
11 3 10 17
11 4 0 23
11 5 6 20
11 6 17 14
11 7 1 12
11 8 6 14
11 9 12 6
11 10 21 20
11 11 16 21
11 12 1 2
11 13 22 1
11 14 1 23
11 15 9 19
11 16 4 3
11 17 20 3
11 18 9 2
11 19 5 13
11 20 4 12
11 21 13 3
11 22 6 4
11 23 21 14
11 24 8 0
12 0 3 24
12 1 6 0
12 2 13 6
12 3 15 16
12 4 14 8
12 5 18 5
12 6 16 2
12 7 15 20
12 8 8 23
12 9 11 12
12 10 17 13
12 11 4 11
12 12 17 22
12 13 22 23
12 14 23 17
12 15 22 19
12 16 24 21
12 17 9 24
12 18 4 20
12 19 16 4
12 20 9 3
12 21 4 1
12 22 10 13
12 23 10 5
12 24 18 0
13 0 14 5
13 1 8 24
13 2 9 20
13 3 8 8
13 4 10 21
13 5 15 21
13 6 20 14
13 7 23 8
13 8 8 20
13 9 24 22
13 10 14 18
13 11 24 19
13 12 3 13
13 13 24 4
13 14 18 19
13 15 6 18
13 16 24 3
13 17 5 21
13 18 19 15
13 19 19 5
13 20 17 19
13 21 13 15
13 22 22 5
13 23 23 1
13 24 3 11
14 0 12 21
14 1 17 12
14 2 21 10
14 3 13 16
14 4 16 14
14 5 2 5
14 6 20 1
14 7 3 14
14 8 14 15
14 9 7 17
14 10 18 2
14 11 3 1
14 12 8 3
14 13 15 14
14 14 5 1
14 15 11 3
14 16 24 0
14 17 16 9
14 18 13 2
14 19 9 7
14 20 12 4
14 21 3 0
14 22 1 22
14 23 12 16
14 24 0 14
15 0 11 7
15 1 20 8
15 2 2 0
15 3 6 5
15 4 21 16
15 5 24 8
15 6 18 9
15 7 23 5
15 8 19 3
15 9 21 7
15 10 21 8
15 11 21 17
15 12 12 3
15 13 10 19
15 14 16 16
15 15 14 13
15 16 17 7
15 17 21 21
15 18 15 8
15 19 13 20
15 20 3 18
15 21 7 20
15 22 13 11
15 23 8 16
15 24 9 12
16 0 22 20
16 1 8 19
16 2 15 0
16 3 9 10
16 4 16 15
16 5 2 18
16 6 1 5
16 7 14 4
16 8 17 1
16 9 15 11
16 10 4 14
16 11 24 18
16 12 24 14
16 13 16 5
16 14 8 10
16 15 19 18
16 16 22 3
16 17 23 23
16 18 7 5
16 19 7 6
16 20 10 0
16 21 12 8
16 22 1 0
16 23 1 10
16 24 17 9
17 0 16 1
17 1 3 15
17 2 5 14
17 3 5 0
17 4 11 4
17 5 4 0
17 6 8 22
17 7 19 20
17 8 9 6
17 9 10 23
17 10 23 10
17 11 3 8
17 12 23 4
17 13 6 24
17 14 4 19
17 15 8 18
17 16 18 16
17 17 14 12
17 18 15 1
17 19 15 3
17 20 22 16
17 21 12 12
17 22 2 8
17 23 3 5
17 24 10 12
18 0 11 1
18 1 3 7
18 2 21 18
18 3 19 1
18 4 24 24
18 5 13 8
18 6 0 1
18 7 20 10
18 8 6 22
18 9 13 18
18 10 13 1
18 11 18 17
18 12 17 8
18 13 11 8
18 14 8 11
18 15 19 6
18 16 15 12
18 17 22 10
18 18 7 21
18 19 22 17
18 20 5 24
18 21 12 17
18 22 12 13
18 23 2 13
18 24 12 2
19 0 22 6
19 1 5 22
19 2 17 2
19 3 6 16
19 4 5 3
19 5 6 8
19 6 0 20
19 7 9 9
19 8 2 17
19 9 4 21
19 10 10 15
19 11 14 14
19 12 9 13
19 13 7 1
19 14 1 11
19 15 19 12
19 16 20 21
19 17 2 16
19 18 11 18
19 19 9 8
19 20 1 3
19 21 0 3
19 22 3 3
19 23 12 7
19 24 5 17
20 0 22 8
20 1 5 16
20 2 10 9
20 3 19 14
20 4 5 20
20 5 23 12
20 6 9 5
20 7 4 9
20 8 8 1
20 9 16 10
20 10 2 3
20 11 0 11
20 12 10 20
20 13 3 17
20 14 3 20
20 15 24 1
20 16 14 22
20 17 17 16
20 18 20 16
20 19 4 22
20 20 7 24
20 21 20 7
20 22 19 24
20 23 6 15
20 24 17 20
21 0 10 4
21 1 5 5
21 2 8 13
21 3 20 22
21 4 22 11
21 5 18 14
21 6 8 4
21 7 5 11
21 8 6 21
21 9 24 10
21 10 24 7
21 11 19 13
21 12 17 5
21 13 19 9
21 14 22 9
21 15 3 21
21 16 14 1
21 17 18 21
21 18 5 23
21 19 14 0
21 20 8 14
21 21 18 7
21 22 1 8
21 23 2 2
21 24 11 15
22 0 9 4
22 1 6 17
22 2 18 10
22 3 8 9
22 4 21 22
22 5 18 8
22 6 24 16
22 7 7 14
22 8 2 7
22 9 2 11
22 10 23 6
22 11 12 9
22 12 12 20
22 13 9 22
22 14 10 11
22 15 16 13
22 16 14 9
22 17 17 10
22 18 14 10
22 19 13 19
22 20 17 21
22 21 5 4
22 22 13 12
22 23 6 3
22 24 2 19
23 0 14 3
23 1 16 18
23 2 23 22
23 3 18 22
23 4 9 18
23 5 15 23
23 6 11 17
23 7 4 17
23 8 18 15
23 9 24 12
23 10 8 5
23 11 16 0
23 12 16 20
23 13 1 4
23 14 18 3
23 15 7 10
23 16 10 14
23 17 20 0
23 18 18 12
23 19 5 8
23 20 10 7
23 21 13 5
23 22 22 21
23 23 8 2
23 24 7 11
24 0 14 2
24 1 1 15
24 2 1 21
24 3 18 11
24 4 15 13
24 5 14 19
24 6 2 24
24 7 5 18
24 8 23 7
24 9 19 17
24 10 7 16
24 11 15 22
24 12 15 5
24 13 16 12
24 14 20 23
24 15 9 21
24 16 2 20
24 17 0 13
24 18 23 13
24 19 11 24
24 20 1 18
24 21 11 14
24 22 0 0
24 23 4 5
24 24 8 6
