30
0 0 8 10
0 1 4 23
0 2 22 15
0 3 15 19
0 4 25 29
0 5 2 25
0 6 15 28
0 7 6 28
0 8 7 15
0 9 3 28
0 10 22 19
0 11 24 28
0 12 26 15
0 13 24 20
0 14 0 23
0 15 24 18
0 16 7 25
0 17 4 8
0 18 5 18
0 19 15 29
0 20 19 28
0 21 12 12
0 22 25 7
0 23 5 0
0 24 20 14
0 25 1 19
0 26 19 24
0 27 17 29
0 28 18 8
0 29 16 22
1 0 25 25
1 1 27 11
1 2 1 23
1 3 6 26
1 4 26 24
1 5 15 1
1 6 11 7
1 7 18 11
1 8 22 3
1 9 21 24
1 10 29 20
1 11 26 7
1 12 1 13
1 13 27 24
1 14 14 27
1 15 19 0
1 16 19 27
1 17 28 19
1 18 11 28
1 19 25 1
1 20 24 15
1 21 15 15
1 22 13 23
1 23 0 12
1 24 22 13
1 25 8 8
1 26 15 0
1 27 20 12
1 28 26 5
1 29 17 5
2 0 2 26
2 1 4 21
2 2 25 14
2 3 24 8
2 4 10 23
2 5 15 26
2 6 22 6
2 7 20 17
2 8 7 1
2 9 5 19
2 10 13 11
2 11 24 7
2 12 28 1
2 13 12 0
2 14 1 18
2 15 5 4
2 16 23 10
2 17 12 7
2 18 16 20
2 19 12 28
2 20 15 3
2 21 10 20
2 22 14 17
2 23 17 3
2 24 11 29
2 25 7 0
2 26 18 14
2 27 0 4
2 28 4 6
2 29 20 21
3 0 23 0
3 1 14 1
3 2 5 6
3 3 29 19
3 4 20 15
3 5 17 8
3 6 14 5
3 7 4 14
3 8 12 26
3 9 21 18
3 10 14 13
3 11 17 1
3 12 2 14
3 13 4 17
3 14 24 5
3 15 22 17
3 16 13 8
3 17 1 16
3 18 13 28
3 19 13 27
3 20 2 8
3 21 16 4
3 22 18 15
3 23 19 10
3 24 2 17
3 25 23 11
3 26 7 21
3 27 25 5
3 28 4 15
3 29 15 9
4 0 0 14
4 1 21 0
4 2 19 1
4 3 6 0
4 4 29 28
4 5 28 28
4 6 19 20
4 7 16 12
4 8 3 14
4 9 9 22
4 10 10 29
4 11 2 2
4 12 3 21
4 13 16 16
4 14 17 28
4 15 27 28
4 16 5 3
4 17 18 13
4 18 24 2
4 19 27 18
4 20 2 23
4 21 0 15
4 22 7 23
4 23 20 24
4 24 25 12
4 25 19 22
4 26 5 11
4 27 26 3
4 28 23 26
4 29 16 0
5 0 10 14
5 1 10 22
5 2 23 20
5 3 22 9
5 4 24 13
5 5 7 14
5 6 13 1
5 7 11 0
5 8 9 0
5 9 23 17
5 10 24 27
5 11 10 25
5 12 9 23
5 13 15 14
5 14 29 23
5 15 24 24
5 16 18 17
5 17 16 9
5 18 20 26
5 19 29 15
5 20 9 10
5 21 26 10
5 22 17 0
5 23 27 4
5 24 3 18
5 25 2 11
5 26 9 13
5 27 7 19
5 28 0 27
5 29 0 2
6 0 20 11
6 1 23 23
6 2 21 16
6 3 11 11
6 4 8 17
6 5 10 19
6 6 14 28
6 7 13 19
6 8 6 10
6 9 28 3
6 10 28 9
6 11 16 7
6 12 2 28
6 13 12 6
6 14 22 18
6 15 19 14
6 16 2 1
6 17 1 17
6 18 3 27
6 19 0 25
6 20 21 1
6 21 11 25
6 22 17 11
6 23 12 24
6 24 2 29
6 25 17 26
6 26 19 15
6 27 2 16
6 28 1 1
6 29 18 19
7 0 17 14
7 1 29 21
7 2 20 22
7 3 15 12
7 4 1 8
7 5 2 27
7 6 3 17
7 7 2 18
7 8 3 10
7 9 2 9
7 10 23 14
7 11 4 3
7 12 21 5
7 13 16 1
7 14 20 19
7 15 16 26
7 16 10 5
7 17 21 7
7 18 24 12
7 19 11 13
7 20 8 12
7 21 20 7
7 22 13 2
7 23 8 9
7 24 28 8
7 25 5 2
7 26 8 20
7 27 28 7
7 28 18 29
7 29 25 13
8 0 27 17
8 1 0 13
8 2 25 19
8 3 18 20
8 4 9 18
8 5 19 7
8 6 27 12
8 7 5 15
8 8 5 16
8 9 3 8
8 10 24 19
8 11 8 24
8 12 22 25
8 13 6 16
8 14 4 10
8 15 18 9
8 16 1 28
8 17 13 6
8 18 28 24
8 19 10 15
8 20 25 10
8 21 6 11
8 22 25 24
8 23 9 9
8 24 5 29
8 25 7 7
8 26 29 27
8 27 28 25
8 28 12 17
8 29 15 22
9 0 29 2
9 1 6 5
9 2 12 8
9 3 6 18
9 4 1 25
9 5 12 14
9 6 20 27
9 7 14 6
9 8 13 14
9 9 12 18
9 10 29 14
9 11 5 7
9 12 25 27
9 13 22 21
9 14 16 5
9 15 0 19
9 16 27 6
9 17 8 29
9 18 2 22
9 19 21 11
9 20 6 12
9 21 28 18
9 22 7 28
9 23 12 22
9 24 17 20
9 25 10 17
9 26 25 4
9 27 22 23
9 28 16 21
9 29 2 21
10 0 12 1
10 1 15 10
10 2 29 16
10 3 7 29
10 4 28 0
10 5 5 28
10 6 15 6
10 7 7 5
10 8 26 22
10 9 13 24
10 10 10 26
10 11 11 17
10 12 1 15
10 13 8 16
10 14 8 23
10 15 19 4
10 16 27 15
10 17 7 9
10 18 11 21
10 19 27 27
10 20 16 13
10 21 18 26
10 22 21 27
10 23 17 9
10 24 25 9
10 25 25 20
10 26 14 24
10 27 5 17
10 28 12 19
10 29 18 24
11 0 0 21
11 1 22 14
11 2 7 17
11 3 7 4
11 4 28 16
11 5 9 19
11 6 9 6
11 7 20 2
11 8 3 13
11 9 23 8
11 10 6 8
11 11 6 9
11 12 7 22
11 13 24 6
11 14 17 27
11 15 29 4
11 16 25 21
11 17 14 18
11 18 2 12
11 19 11 12
11 20 28 13
11 21 20 8
11 22 19 23
11 23 17 12
11 24 6 29
11 25 3 23
11 26 28 26
11 27 4 16
11 28 25 17
11 29 27 20
12 0 22 11
12 1 13 18
12 2 8 27
12 3 14 3
12 4 26 17
12 5 11 6
12 6 21 10
12 7 4 1
12 8 27 0
12 9 9 28
12 10 13 22
12 11 28 15
12 12 13 0
12 13 17 15
12 14 20 10
12 15 29 3
12 16 22 12
12 17 0 22
12 18 25 8
12 19 17 21
12 20 26 16
12 21 18 6
12 22 5 20
12 23 12 15
12 24 16 19
12 25 0 6
12 26 26 19
12 27 23 27
12 28 25 15
12 29 29 25
13 0 12 4
13 1 10 18
13 2 2 24
13 3 11 20
13 4 26 25
13 5 11 19
13 6 14 11
13 7 28 6
13 8 11 5
13 9 5 14
13 10 2 4
13 11 14 21
13 12 14 20
13 13 22 20
13 14 29 18
13 15 2 5
13 16 1 6
13 17 14 8
13 18 9 16
13 19 16 3
13 20 4 29
13 21 19 17
13 22 26 28
13 23 9 14
13 24 4 28
13 25 26 21
13 26 22 16
13 27 23 22
13 28 7 11
13 29 12 29
14 0 12 11
14 1 27 3
14 2 27 9
14 3 13 17
14 4 1 26
14 5 9 7
14 6 23 25
14 7 4 18
14 8 21 29
14 9 20 0
14 10 6 13
14 11 5 1
14 12 23 21
14 13 19 3
14 14 20 13
14 15 12 3
14 16 13 20
14 17 1 12
14 18 3 0
14 19 15 21
14 20 10 27
14 21 26 1
14 22 18 7
14 23 5 21
14 24 11 8
14 25 6 2
14 26 8 15
14 27 5 26
14 28 29 12
14 29 8 22
15 0 14 14
15 1 15 2
15 2 12 5
15 3 3 4
15 4 9 26
15 5 25 22
15 6 7 10
15 7 1 0
15 8 13 7
15 9 18 21
15 10 17 25
15 11 10 24
15 12 24 17
15 13 26 14
15 14 13 15
15 15 3 25
15 16 15 11
15 17 6 19
15 18 3 22
15 19 8 1
15 20 16 23
15 21 21 26
15 22 4 4
15 23 29 10
15 24 11 23
15 25 9 21
15 26 15 18
15 27 23 1
15 28 22 28
15 29 15 27
16 0 1 7
16 1 0 16
16 2 8 11
16 3 3 26
16 4 14 2
16 5 7 18
16 6 15 17
16 7 10 9
16 8 5 24
16 9 3 24
16 10 27 10
16 11 8 26
16 12 3 19
16 13 11 15
16 14 17 10
16 15 17 4
16 16 25 18
16 17 26 29
16 18 22 24
16 19 11 4
16 20 4 0
16 21 22 2
16 22 21 25
16 23 24 9
16 24 14 10
16 25 4 7
16 26 5 5
16 27 29 0
16 28 18 0
16 29 19 5
17 0 1 22
17 1 29 24
17 2 17 23
17 3 6 15
17 4 10 0
17 5 23 12
17 6 15 16
17 7 29 22
17 8 11 14
17 9 7 2
17 10 13 25
17 11 8 18
17 12 14 23
17 13 12 13
17 14 17 24
17 15 18 10
17 16 26 26
17 17 18 23
17 18 15 13
17 19 21 8
17 20 26 23
17 21 27 5
17 22 0 8
17 23 6 21
17 24 19 25
17 25 15 7
17 26 4 25
17 27 20 6
17 28 2 3
17 29 13 12
18 0 3 5
18 1 27 7
18 2 10 21
18 3 28 21
18 4 16 10
18 5 11 2
18 6 19 26
18 7 7 27
18 8 4 27
18 9 3 1
18 10 25 28
18 11 27 1
18 12 26 13
18 13 5 13
18 14 6 6
18 15 3 16
18 16 12 10
18 17 27 8
18 18 19 8
18 19 27 29
18 20 16 11
18 21 24 1
18 22 21 4
18 23 24 3
18 24 0 11
18 25 14 29
18 26 0 24
18 27 7 26
18 28 13 21
18 29 16 17
19 0 10 28
19 1 18 5
19 2 3 3
19 3 22 0
19 4 26 18
19 5 26 8
19 6 10 7
19 7 11 24
19 8 29 17
19 9 11 26
19 10 5 9
19 11 18 2
19 12 9 2
19 13 9 25
19 14 20 18
19 15 0 10
19 16 16 27
19 17 5 12
19 18 6 24
19 19 18 22
19 20 15 25
19 21 9 11
19 22 22 26
19 23 16 2
19 24 25 0
19 25 2 7
19 26 23 7
19 27 26 11
19 28 6 4
19 29 24 22
20 0 17 16
20 1 16 28
20 2 0 3
20 3 29 7
20 4 17 2
20 5 20 9
20 6 19 18
20 7 10 16
20 8 23 16
20 9 25 26
20 10 10 13
20 11 29 11
20 12 8 6
20 13 17 7
20 14 2 19
20 15 1 20
20 16 11 27
20 17 19 21
20 18 28 17
20 19 27 14
20 20 28 11
20 21 26 4
20 22 28 10
20 23 11 22
20 24 23 4
20 25 4 2
20 26 12 21
20 27 10 11
20 28 0 1
20 29 9 17
21 0 10 1
21 1 21 14
21 2 29 8
21 3 5 27
21 4 0 9
21 5 12 16
21 6 6 22
21 7 20 4
21 8 10 12
21 9 20 23
21 10 11 9
21 11 21 23
21 12 8 2
21 13 22 8
21 14 8 28
21 15 2 6
21 16 24 10
21 17 7 8
21 18 21 19
21 19 20 5
21 20 13 29
21 21 17 6
21 22 14 22
21 23 19 29
21 24 9 27
21 25 10 6
21 26 18 28
21 27 11 10
21 28 21 3
21 29 6 17
22 0 1 5
22 1 6 25
22 2 13 16
22 3 18 16
22 4 6 7
22 5 14 12
22 6 17 17
22 7 22 1
22 8 9 4
22 9 22 4
22 10 20 3
22 11 17 19
22 12 21 17
22 13 4 13
22 14 4 12
22 15 21 21
22 16 27 2
22 17 28 20
22 18 19 6
22 19 12 2
22 20 8 21
22 21 3 11
22 22 18 3
22 23 0 28
22 24 14 0
22 25 13 4
22 26 19 16
22 27 26 12
22 28 23 2
22 29 9 3
23 0 18 4
23 1 14 16
23 2 28 23
23 3 19 2
23 4 16 29
23 5 1 14
23 6 1 21
23 7 27 19
23 8 14 9
23 9 29 5
23 10 29 1
23 11 9 8
23 12 18 12
23 13 26 9
23 14 4 26
23 15 26 20
23 16 25 3
23 17 13 3
23 18 18 1
23 19 21 6
23 20 14 4
23 21 6 20
23 22 22 7
23 23 10 2
23 24 21 2
23 25 19 13
23 26 19 9
23 27 13 9
23 28 10 8
23 29 19 12
24 0 27 16
24 1 17 13
24 2 25 2
24 3 11 16
24 4 27 21
24 5 17 18
24 6 3 2
24 7 7 12
24 8 1 9
24 9 4 20
24 10 19 11
24 11 23 9
24 12 13 26
24 13 5 25
24 14 29 26
24 15 2 10
24 16 26 6
24 17 27 26
24 18 20 25
24 19 8 4
24 20 9 29
24 21 11 1
24 22 26 0
24 23 22 22
24 24 7 6
24 25 16 6
24 26 5 10
24 27 23 5
24 28 27 22
24 29 18 25
25 0 1 27
25 1 24 23
25 2 9 24
25 3 4 24
25 4 20 1
25 5 13 13
25 6 4 19
25 7 23 19
25 8 15 8
25 9 15 4
25 10 23 24
25 11 17 22
25 12 2 15
25 13 16 8
25 14 28 29
25 15 0 7
25 16 3 6
25 17 12 23
25 18 24 16
25 19 19 19
25 20 28 4
25 21 26 27
25 22 0 0
25 23 3 20
25 24 0 29
25 25 21 22
25 26 25 23
25 27 15 20
25 28 8 3
25 29 8 19
26 0 5 22
26 1 3 7
26 2 10 3
26 3 16 25
26 4 2 20
26 5 25 16
26 6 5 8
26 7 28 27
26 8 0 20
26 9 23 15
26 10 9 20
26 11 24 26
26 12 29 6
26 13 25 6
26 14 20 29
26 15 3 15
26 16 21 13
26 17 24 29
26 18 7 16
26 19 8 5
26 20 21 12
26 21 5 23
26 22 14 19
26 23 28 2
26 24 24 25
26 25 14 7
26 26 12 9
26 27 12 20
26 28 27 23
26 29 21 9
27 0 1 11
27 1 4 11
27 2 7 3
27 3 9 15
27 4 23 28
27 5 21 15
27 6 11 3
27 7 6 27
27 8 1 24
27 9 6 1
27 10 27 25
27 11 27 13
27 12 23 18
27 13 9 5
27 14 15 5
27 15 0 18
27 16 2 13
27 17 1 10
27 18 28 12
27 19 23 3
27 20 24 11
27 21 9 12
27 22 3 29
27 23 11 18
27 24 18 27
27 25 20 20
27 26 28 5
27 27 12 27
27 28 14 15
27 29 6 3
28 0 22 5
28 1 4 5
28 2 24 21
28 3 28 22
28 4 21 28
28 5 29 13
28 6 8 0
28 7 22 29
28 8 20 16
28 9 12 25
28 10 14 26
28 11 25 11
28 12 8 13
28 13 2 0
28 14 7 13
28 15 1 2
28 16 3 12
28 17 6 23
28 18 22 10
28 19 6 14
28 20 18 18
28 21 29 29
28 22 0 26
28 23 8 14
28 24 4 9
28 25 16 14
28 26 0 17
28 27 16 24
28 28 16 15
28 29 26 2
29 0 7 24
29 1 10 4
29 2 14 25
29 3 23 6
29 4 16 18
29 5 4 22
29 6 7 20
29 7 22 27
29 8 23 29
29 9 1 4
29 10 23 13
29 11 28 14
29 12 29 9
29 13 24 4
29 14 8 25
29 15 10 10
29 16 8 7
29 17 20 28
29 18 21 20
29 19 15 24
29 20 1 29
29 21 13 10
29 22 24 0
29 23 3 9
29 24 9 1
29 25 1 3
29 26 13 5
29 27 24 14
29 28 15 23
29 29 0 5
