35
0 0 23 12
0 1 27 6
0 2 3 16
0 3 27 19
0 4 15 33
0 5 10 14
0 6 18 11
0 7 14 22
0 8 25 29
0 9 25 6
0 10 33 31
0 11 15 3
0 12 7 30
0 13 18 8
0 14 34 10
0 15 11 23
0 16 29 33
0 17 1 33
0 18 16 31
0 19 25 11
0 20 28 11
0 21 8 25
0 22 17 14
0 23 26 28
0 24 29 16
0 25 29 3
0 26 30 34
0 27 28 32
0 28 9 34
0 29 21 33
0 30 6 23
0 31 31 21
0 32 2 10
0 33 1 3
0 34 28 5
1 0 8 7
1 1 9 9
1 2 9 27
1 3 10 13
1 4 28 23
1 5 31 7
1 6 32 16
1 7 20 31
1 8 8 34
1 9 2 32
1 10 6 19
1 11 34 23
1 12 33 13
1 13 29 31
1 14 7 7
1 15 12 20
1 16 23 7
1 17 10 17
1 18 27 28
1 19 17 10
1 20 10 15
1 21 19 7
1 22 33 3
1 23 19 27
1 24 4 29
1 25 5 34
1 26 3 32
1 27 1 7
1 28 1 9
1 29 17 33
1 30 33 0
1 31 30 30
1 32 33 9
1 33 11 0
1 34 18 13
2 0 6 6
2 1 28 10
2 2 27 17
2 3 5 7
2 4 29 2
2 5 20 26
2 6 23 5
2 7 10 10
2 8 10 16
2 9 4 28
2 10 15 20
2 11 31 33
2 12 12 0
2 13 23 2
2 14 28 24
2 15 0 1
2 16 24 21
2 17 34 9
2 18 23 25
2 19 22 21
2 20 33 5
2 21 13 33
2 22 11 25
2 23 0 27
2 24 2 3
2 25 17 5
2 26 13 27
2 27 21 16
2 28 6 2
2 29 8 26
2 30 21 22
2 31 30 16
2 32 30 7
2 33 3 1
2 34 10 25
3 0 34 12
3 1 24 2
3 2 7 16
3 3 3 6
3 4 14 34
3 5 4 18
3 6 9 0
3 7 29 7
3 8 17 17
3 9 11 11
3 10 29 28
3 11 23 10
3 12 14 3
3 13 15 16
3 14 25 25
3 15 9 8
3 16 32 24
3 17 27 13
3 18 19 28
3 19 1 34
3 20 19 3
3 21 33 17
3 22 18 16
3 23 0 13
3 24 20 34
3 25 1 0
3 26 19 29
3 27 13 29
3 28 18 15
3 29 5 26
3 30 16 19
3 31 8 13
3 32 14 30
3 33 21 0
3 34 21 2
4 0 22 16
4 1 10 34
4 2 15 1
4 3 3 23
4 4 19 21
4 5 9 18
4 6 8 22
4 7 19 24
4 8 13 17
4 9 1 1
4 10 25 24
4 11 16 0
4 12 31 1
4 13 30 12
4 14 11 9
4 15 24 5
4 16 24 23
4 17 16 8
4 18 13 31
4 19 5 20
4 20 2 12
4 21 5 6
4 22 9 21
4 23 3 26
4 24 24 28
4 25 12 32
4 26 26 1
4 27 0 22
4 28 33 4
4 29 15 12
4 30 13 9
4 31 9 28
4 32 29 24
4 33 0 15
4 34 2 31
5 0 12 31
5 1 5 30
5 2 12 14
5 3 20 15
5 4 11 18
5 5 17 13
5 6 28 4
5 7 9 22
5 8 17 20
5 9 2 0
5 10 24 15
5 11 0 10
5 12 17 21
5 13 7 24
5 14 23 28
5 15 14 18
5 16 1 2
5 17 21 25
5 18 5 11
5 19 21 15
5 20 20 23
5 21 6 15
5 22 2 21
5 23 10 30
5 24 13 23
5 25 31 18
5 26 7 11
5 27 1 26
5 28 13 6
5 29 14 33
5 30 16 12
5 31 2 7
5 32 31 4
5 33 28 14
5 34 9 20
6 0 26 23
6 1 32 21
6 2 8 3
6 3 11 8
6 4 23 33
6 5 24 7
6 6 18 34
6 7 31 26
6 8 19 15
6 9 2 20
6 10 14 17
6 11 27 26
6 12 5 33
6 13 13 20
6 14 27 20
6 15 30 1
6 16 29 12
6 17 6 9
6 18 25 1
6 19 2 14
6 20 15 32
6 21 29 27
6 22 2 23
6 23 12 10
6 24 26 3
6 25 16 15
6 26 6 24
6 27 22 22
6 28 1 19
6 29 14 13
6 30 3 29
6 31 5 10
6 32 9 2
6 33 4 12
6 34 26 27
7 0 7 23
7 1 6 4
7 2 19 17
7 3 5 13
7 4 14 27
7 5 32 32
7 6 16 5
7 7 7 28
7 8 14 28
7 9 2 26
7 10 5 31
7 11 26 33
7 12 17 4
7 13 19 4
7 14 0 4
7 15 6 11
7 16 23 27
7 17 18 23
7 18 9 33
7 19 3 8
7 20 3 34
7 21 6 1
7 22 10 3
7 23 23 21
7 24 30 33
7 25 16 4
7 26 26 22
7 27 16 28
7 28 32 2
7 29 33 23
7 30 7 22
7 31 25 13
7 32 22 12
7 33 26 13
7 34 9 1
8 0 6 33
8 1 1 20
8 2 10 33
8 3 2 16
8 4 34 27
8 5 17 31
8 6 13 18
8 7 30 21
8 8 3 10
8 9 11 31
8 10 11 16
8 11 5 24
8 12 8 0
8 13 8 11
8 14 27 21
8 15 25 0
8 16 20 1
8 17 15 24
8 18 1 4
8 19 16 9
8 20 26 17
8 21 32 17
8 22 8 15
8 23 20 2
8 24 28 27
8 25 31 6
8 26 28 1
8 27 11 17
8 28 15 23
8 29 30 13
8 30 14 2
8 31 18 5
8 32 30 26
8 33 13 24
8 34 1 5
9 0 12 27
9 1 16 14
9 2 28 13
9 3 8 2
9 4 9 17
9 5 6 30
9 6 19 5
9 7 13 2
9 8 4 33
9 9 3 9
9 10 27 0
9 11 18 7
9 12 13 26
9 13 31 27
9 14 5 12
9 15 19 12
9 16 15 9
9 17 11 21
9 18 2 1
9 19 32 26
9 20 18 14
9 21 21 28
9 22 9 13
9 23 23 22
9 24 7 26
9 25 11 26
9 26 30 8
9 27 12 24
9 28 19 11
9 29 30 18
9 30 34 33
9 31 0 9
9 32 23 15
9 33 29 13
9 34 2 24
10 0 9 10
10 1 17 8
10 2 20 33
10 3 4 14
10 4 11 13
10 5 23 6
10 6 2 25
10 7 12 18
10 8 1 10
10 9 5 0
10 10 14 20
10 11 3 22
10 12 22 25
10 13 24 18
10 14 18 19
10 15 14 14
10 16 22 19
10 17 15 28
10 18 19 22
10 19 16 2
10 20 20 22
10 21 25 18
10 22 31 29
10 23 8 14
10 24 1 18
10 25 23 3
10 26 26 12
10 27 28 9
10 28 0 3
10 29 19 10
10 30 4 25
10 31 18 9
10 32 1 22
10 33 9 19
10 34 29 15
11 0 7 0
11 1 17 27
11 2 2 13
11 3 29 34
11 4 27 29
11 5 9 31
11 6 15 29
11 7 34 2
11 8 15 7
11 9 16 27
11 10 29 4
11 11 6 8
11 12 31 28
11 13 32 9
11 14 33 28
11 15 3 7
11 16 14 9
11 17 14 7
11 18 3 11
11 19 20 4
11 20 30 31
11 21 3 30
11 22 16 1
11 23 6 20
11 24 28 29
11 25 3 27
11 26 4 10
11 27 5 18
11 28 24 19
11 29 10 24
11 30 33 30
11 31 24 4
11 32 30 15
11 33 16 10
11 34 5 25
12 0 16 11
12 1 24 12
12 2 25 21
12 3 2 29
12 4 26 2
12 5 14 19
12 6 19 9
12 7 25 19
12 8 4 13
12 9 25 3
12 10 11 14
12 11 33 20
12 12 15 10
12 13 16 22
12 14 28 16
12 15 17 19
12 16 8 27
12 17 26 18
12 18 21 27
12 19 12 26
12 20 28 33
12 21 31 8
12 22 17 23
12 23 29 9
12 24 12 6
12 25 18 29
12 26 33 22
12 27 32 33
12 28 32 6
12 29 16 23
12 30 20 21
12 31 2 22
12 32 6 32
12 33 5 17
12 34 21 34
13 0 7 34
13 1 15 31
13 2 28 20
13 3 1 13
13 4 19 8
13 5 30 10
13 6 31 9
13 7 18 28
13 8 15 13
13 9 10 6
13 10 17 29
13 11 32 25
13 12 25 2
13 13 13 8
13 14 16 24
13 15 4 24
13 16 2 18
13 17 6 31
13 18 2 15
13 19 12 19
13 20 33 18
13 21 9 30
13 22 7 32
13 23 27 1
13 24 20 5
13 25 5 9
13 26 22 30
13 27 26 21
13 28 29 21
13 29 31 16
13 30 1 8
13 31 27 7
13 32 25 32
13 33 10 11
13 34 31 14
14 0 16 21
14 1 18 1
14 2 12 9
14 3 26 4
14 4 14 5
14 5 21 21
14 6 11 30
14 7 28 0
14 8 30 28
14 9 30 29
14 10 23 11
14 11 34 34
14 12 2 34
14 13 11 3
14 14 25 26
14 15 1 24
14 16 10 32
14 17 7 18
14 18 21 24
14 19 2 28
14 20 13 16
14 21 23 8
14 22 3 13
14 23 22 8
14 24 22 20
14 25 16 13
14 26 21 10
14 27 6 5
14 28 24 14
14 29 20 12
14 30 1 17
14 31 33 34
14 32 25 22
14 33 24 20
14 34 19 19
15 0 19 6
15 1 3 15
15 2 33 27
15 3 28 7
15 4 11 4
15 5 26 29
15 6 33 8
15 7 24 34
15 8 22 32
15 9 30 4
15 10 28 28
15 11 16 3
15 12 25 28
15 13 7 6
15 14 2 33
15 15 11 5
15 16 12 5
15 17 23 30
15 18 4 22
15 19 33 24
15 20 11 32
15 21 18 0
15 22 17 7
15 23 2 11
15 24 14 26
15 25 9 16
15 26 33 21
15 27 22 7
15 28 7 33
15 29 16 20
15 30 3 4
15 31 21 11
15 32 16 7
15 33 34 11
15 34 15 21
16 0 10 31
16 1 2 17
16 2 34 32
16 3 27 4
16 4 7 4
16 5 28 17
16 6 7 10
16 7 11 22
16 8 23 4
16 9 34 6
16 10 3 17
16 11 13 25
16 12 7 3
16 13 20 16
16 14 23 1
16 15 11 24
16 16 30 23
16 17 17 24
16 18 12 29
16 19 10 0
16 20 19 20
16 21 19 16
16 22 31 5
16 23 10 20
16 24 0 24
16 25 22 13
16 26 17 25
16 27 10 22
16 28 6 16
16 29 20 25
16 30 30 6
16 31 28 25
16 32 16 32
16 33 30 19
16 34 19 2
17 0 23 17
17 1 5 15
17 2 21 17
17 3 33 16
17 4 11 34
17 5 25 31
17 6 7 19
17 7 32 1
17 8 21 14
17 9 28 30
17 10 22 3
17 11 31 19
17 12 29 23
17 13 4 21
17 14 30 3
17 15 0 31
17 16 1 29
17 17 11 27
17 18 17 12
17 19 7 13
17 20 13 0
17 21 15 15
17 22 6 27
17 23 29 8
17 24 34 0
17 25 30 24
17 26 11 2
17 27 13 10
17 28 33 14
17 29 27 2
17 30 22 14
17 31 34 7
17 32 14 0
17 33 31 31
17 34 30 32
18 0 17 30
18 1 29 0
18 2 19 33
18 3 25 27
18 4 13 34
18 5 21 3
18 6 7 31
18 7 32 30
18 8 21 31
18 9 29 25
18 10 34 8
18 11 28 3
18 12 11 10
18 13 18 22
18 14 25 14
18 15 4 9
18 16 27 5
18 17 20 17
18 18 5 27
18 19 31 0
18 20 1 32
18 21 7 15
18 22 9 26
18 23 12 34
18 24 4 6
18 25 26 30
18 26 12 1
18 27 30 14
18 28 1 11
18 29 5 19
18 30 28 26
18 31 22 9
18 32 27 27
18 33 30 20
18 34 32 15
19 0 28 8
19 1 15 6
19 2 24 33
19 3 13 13
19 4 7 17
19 5 8 5
19 6 25 4
19 7 11 1
19 8 24 22
19 9 31 3
19 10 34 17
19 11 13 19
19 12 7 21
19 13 32 10
19 14 0 8
19 15 13 4
19 16 7 2
19 17 6 34
19 18 0 26
19 19 21 13
19 20 23 9
19 21 13 1
19 22 34 20
19 23 22 27
19 24 21 5
19 25 15 30
19 26 24 9
19 27 10 28
19 28 10 9
19 29 4 11
19 30 29 20
19 31 1 12
19 32 23 18
19 33 10 23
19 34 30 11
20 0 17 34
20 1 34 14
20 2 33 6
20 3 4 16
20 4 24 3
20 5 18 25
20 6 34 22
20 7 12 13
20 8 8 12
20 9 2 2
20 10 0 21
20 11 17 6
20 12 17 26
20 13 18 3
20 14 18 24
20 15 11 33
20 16 30 9
20 17 22 10
20 18 27 15
20 19 17 3
20 20 21 12
20 21 17 1
20 22 31 34
20 23 6 28
20 24 0 19
20 25 11 19
20 26 0 33
20 27 27 14
20 28 6 14
20 29 18 21
20 30 33 12
20 31 24 11
20 32 8 8
20 33 24 29
20 34 15 34
21 0 15 0
21 1 22 26
21 2 4 20
21 3 3 5
21 4 18 10
21 5 19 1
21 6 4 30
21 7 26 14
21 8 24 17
21 9 21 23
21 10 32 23
21 11 24 25
21 12 10 7
21 13 24 6
21 14 15 2
21 15 23 26
21 16 9 4
21 17 14 16
21 18 31 32
21 19 20 27
21 20 16 16
21 21 5 2
21 22 1 21
21 23 32 31
21 24 33 32
21 25 24 8
21 26 22 5
21 27 5 29
21 28 15 11
21 29 2 30
21 30 13 5
21 31 6 29
21 32 32 20
21 33 26 26
21 34 20 14
22 0 2 9
22 1 17 28
22 2 10 12
22 3 7 20
22 4 22 0
22 5 14 11
22 6 0 28
22 7 18 27
22 8 31 23
22 9 12 22
22 10 9 6
22 11 34 18
22 12 18 4
22 13 23 13
22 14 28 15
22 15 9 14
22 16 5 23
22 17 16 34
22 18 34 30
22 19 29 11
22 20 8 30
22 21 23 24
22 22 14 32
22 23 6 10
22 24 27 11
22 25 0 17
22 26 18 32
22 27 21 18
22 28 19 25
22 29 13 32
22 30 26 6
22 31 20 3
22 32 21 26
22 33 17 2
22 34 18 6
23 0 12 15
23 1 19 34
23 2 22 11
23 3 5 22
23 4 4 23
23 5 12 33
23 6 20 32
23 7 6 12
23 8 23 20
23 9 29 5
23 10 28 22
23 11 24 13
23 12 9 15
23 13 24 16
23 14 26 7
23 15 12 3
23 16 0 20
23 17 18 33
23 18 0 14
23 19 27 34
23 20 34 29
23 21 20 8
23 22 1 25
23 23 9 5
23 24 27 31
23 25 20 9
23 26 19 14
23 27 28 12
23 28 31 12
23 29 1 16
23 30 0 30
23 31 25 9
23 32 5 5
23 33 34 5
23 34 0 0
24 0 33 25
24 1 34 21
24 2 0 32
24 3 10 29
24 4 29 30
24 5 9 32
24 6 7 25
24 7 32 13
24 8 14 15
24 9 26 8
24 10 27 30
24 11 15 8
24 12 33 11
24 13 22 29
24 14 33 7
24 15 18 30
24 16 26 19
24 17 6 17
24 18 31 17
24 19 18 12
24 20 5 28
24 21 18 31
24 22 15 25
24 23 26 34
24 24 18 26
24 25 4 26
24 26 32 3
24 27 15 22
24 28 23 34
24 29 8 21
24 30 20 11
24 31 16 33
24 32 13 22
24 33 18 2
24 34 7 27
25 0 29 22
25 1 17 18
25 2 20 20
25 3 2 19
25 4 27 10
25 5 31 20
25 6 5 32
25 7 6 7
25 8 26 31
25 9 20 7
25 10 13 14
25 11 26 25
25 12 32 4
25 13 11 29
25 14 22 2
25 15 0 18
25 16 34 16
25 17 29 1
25 18 15 26
25 19 25 34
25 20 3 21
25 21 4 31
25 22 17 11
25 23 0 16
25 24 26 15
25 25 29 10
25 26 22 1
25 27 22 4
25 28 29 6
25 29 14 31
25 30 19 23
25 31 32 0
25 32 33 15
25 33 3 28
25 34 17 15
26 0 13 12
26 1 24 24
26 2 30 0
26 3 5 21
26 4 20 0
26 5 2 5
26 6 10 18
26 7 18 20
26 8 31 15
26 9 6 21
26 10 34 19
26 11 11 6
26 12 33 10
26 13 23 23
26 14 16 29
26 15 6 3
26 16 34 4
26 17 15 4
26 18 31 22
26 19 32 27
26 20 10 2
26 21 26 0
26 22 23 0
26 23 4 19
26 24 7 9
26 25 0 29
26 26 4 3
26 27 17 0
26 28 16 26
26 29 8 4
26 30 30 2
26 31 28 2
26 32 30 25
26 33 9 7
26 34 29 17
27 0 32 29
27 1 17 9
27 2 21 30
27 3 31 13
27 4 4 1
27 5 27 3
27 6 3 20
27 7 0 25
27 8 24 26
27 9 2 27
27 10 0 23
27 11 11 28
27 12 16 25
27 13 19 0
27 14 29 14
27 15 8 17
27 16 9 23
27 17 19 31
27 18 32 18
27 19 9 25
27 20 12 7
27 21 32 28
27 22 15 18
27 23 13 3
27 24 27 24
27 25 26 5
27 26 4 27
27 27 25 30
27 28 27 9
27 29 12 12
27 30 8 29
27 31 22 17
27 32 12 21
27 33 6 26
27 34 34 13
28 0 7 1
28 1 0 7
28 2 23 29
28 3 8 6
28 4 28 31
28 5 24 1
28 6 5 14
28 7 27 16
28 8 27 32
28 9 30 5
28 10 20 18
28 11 25 17
28 12 24 32
28 13 1 15
28 14 32 19
28 15 27 25
28 16 4 7
28 17 21 6
28 18 27 22
28 19 4 4
28 20 34 1
28 21 22 33
28 22 1 27
28 23 0 6
28 24 32 34
28 25 26 9
28 26 8 20
28 27 10 8
28 28 21 32
28 29 15 17
28 30 3 31
28 31 4 32
28 32 25 15
28 33 27 12
28 34 8 10
29 0 30 17
29 1 8 23
29 2 19 32
29 3 26 16
29 4 20 10
29 5 4 2
29 6 33 29
29 7 3 0
29 8 8 24
29 9 16 30
29 10 33 1
29 11 4 5
29 12 7 14
29 13 26 32
29 14 1 23
29 15 33 26
29 16 29 29
29 17 27 18
29 18 5 4
29 19 33 33
29 20 33 2
29 21 23 14
29 22 21 7
29 23 25 23
29 24 12 8
29 25 20 13
29 26 24 30
29 27 4 15
29 28 31 30
29 29 10 19
29 30 13 28
29 31 22 6
29 32 3 18
29 33 24 27
29 34 25 10
30 0 12 23
30 1 22 28
30 2 12 2
30 3 26 10
30 4 6 25
30 5 5 8
30 6 32 7
30 7 8 31
30 8 25 12
30 9 6 18
30 10 19 30
30 11 1 6
30 12 0 2
30 13 27 8
30 14 10 26
30 15 5 3
30 16 24 10
30 17 10 4
30 18 22 15
30 19 32 22
30 20 29 26
30 21 28 21
30 22 29 18
30 23 24 0
30 24 12 17
30 25 34 31
30 26 5 1
30 27 31 11
30 28 28 34
30 29 3 19
30 30 16 6
30 31 3 24
30 32 12 16
30 33 16 17
30 34 25 16
31 0 9 11
31 1 20 19
31 2 21 29
31 3 13 30
31 4 32 14
31 5 31 25
31 6 6 22
31 7 19 13
31 8 14 25
31 9 20 28
31 10 3 12
31 11 11 20
31 12 3 33
31 13 11 7
31 14 20 29
31 15 28 19
31 16 11 12
31 17 32 11
31 18 8 32
31 19 3 14
31 20 16 18
31 21 25 8
31 22 14 12
31 23 18 18
31 24 12 30
31 25 13 15
31 26 31 24
31 27 10 1
31 28 34 25
31 29 7 5
31 30 33 19
31 31 20 6
31 32 14 8
31 33 20 30
31 34 7 29
32 0 17 16
32 1 34 26
32 2 34 3
32 3 28 18
32 4 3 2
32 5 19 26
32 6 4 8
32 7 21 1
32 8 24 31
32 9 34 28
32 10 19 18
32 11 22 31
32 12 2 4
32 13 26 24
32 14 25 7
32 15 14 29
32 16 4 34
32 17 1 30
32 18 12 4
32 19 18 17
32 20 15 14
32 21 29 32
32 22 21 20
32 23 21 9
32 24 22 18
32 25 12 28
32 26 14 21
32 27 12 25
32 28 32 8
32 29 22 23
32 30 9 3
32 31 31 2
32 32 8 9
32 33 8 19
32 34 26 11
33 0 23 19
33 1 2 8
33 2 23 31
33 3 25 5
33 4 22 34
33 5 0 11
33 6 21 4
33 7 14 4
33 8 4 0
33 9 12 11
33 10 1 28
33 11 25 20
33 12 8 28
33 13 15 19
33 14 0 12
33 15 23 16
33 16 9 29
33 17 10 27
33 18 30 22
33 19 11 15
33 20 6 0
33 21 31 10
33 22 3 25
33 23 14 6
33 24 20 24
33 25 5 16
33 26 1 31
33 27 4 17
33 28 14 24
33 29 10 5
33 30 14 23
33 31 0 5
33 32 26 20
33 33 28 6
33 34 17 22
34 0 29 19
34 1 27 23
34 2 13 7
34 3 34 24
34 4 13 11
34 5 15 27
34 6 7 12
34 7 25 33
34 8 8 33
34 9 9 12
34 10 23 32
34 11 6 13
34 12 8 18
34 13 14 1
34 14 14 10
34 15 3 3
34 16 0 34
34 17 8 16
34 18 1 14
34 19 10 21
34 20 34 15
34 21 15 5
34 22 21 8
34 23 32 12
34 24 21 19
34 25 7 8
34 26 32 5
34 27 9 24
34 28 30 27
34 29 13 21
34 30 2 6
34 31 8 1
34 32 27 33
34 33 17 32
34 34 22 24
