40
0 0 30 36
0 1 28 17
0 2 11 18
0 3 19 6
0 4 32 2
0 5 1 5
0 6 16 6
0 7 26 22
0 8 33 11
0 9 8 19
0 10 27 14
0 11 37 21
0 12 8 37
0 13 30 6
0 14 27 5
0 15 23 25
0 16 38 23
0 17 28 25
0 18 30 38
0 19 38 19
0 20 4 16
0 21 32 4
0 22 33 33
0 23 35 23
0 24 26 9
0 25 14 8
0 26 12 28
0 27 16 4
0 28 1 28
0 29 26 17
0 30 15 13
0 31 3 34
0 32 34 2
0 33 8 22
0 34 20 18
0 35 3 24
0 36 24 9
0 37 28 23
0 38 19 29
0 39 36 29
1 0 35 7
1 1 1 21
1 2 6 39
1 3 14 27
1 4 26 33
1 5 33 2
1 6 37 34
1 7 13 4
1 8 22 29
1 9 10 38
1 10 20 17
1 11 19 18
1 12 18 10
1 13 4 29
1 14 2 0
1 15 20 39
1 16 21 30
1 17 14 21
1 18 4 27
1 19 11 12
1 20 20 36
1 21 19 2
1 22 20 24
1 23 11 7
1 24 32 18
1 25 23 31
1 26 14 9
1 27 17 0
1 28 10 26
1 29 15 33
1 30 25 9
1 31 17 32
1 32 21 7
1 33 21 34
1 34 14 35
1 35 30 24
1 36 28 20
1 37 39 10
1 38 2 1
1 39 30 21
2 0 37 4
2 1 11 0
2 2 1 23
2 3 6 3
2 4 9 33
2 5 22 17
2 6 32 36
2 7 24 14
2 8 29 7
2 9 23 38
2 10 9 31
2 11 3 19
2 12 18 33
2 13 9 5
2 14 4 37
2 15 36 23
2 16 31 9
2 17 10 1
2 18 13 31
2 19 33 7
2 20 20 10
2 21 38 16
2 22 38 35
2 23 9 23
2 24 26 14
2 25 36 19
2 26 31 19
2 27 35 20
2 28 28 39
2 29 17 26
2 30 4 8
2 31 22 20
2 32 38 4
2 33 30 13
2 34 0 12
2 35 0 2
2 36 17 33
2 37 26 28
2 38 25 27
2 39 3 29
3 0 8 25
3 1 5 39
3 2 15 22
3 3 38 15
3 4 1 35
3 5 5 32
3 6 29 27
3 7 28 35
3 8 20 29
3 9 35 11
3 10 6 26
3 11 5 11
3 12 39 36
3 13 7 35
3 14 11 10
3 15 31 18
3 16 23 21
3 17 22 3
3 18 5 22
3 19 25 11
3 20 19 28
3 21 30 22
3 22 35 30
3 23 19 5
3 24 19 36
3 25 29 37
3 26 17 13
3 27 11 27
3 28 22 13
3 29 25 2
3 30 26 35
3 31 34 14
3 32 14 38
3 33 12 13
3 34 21 27
3 35 31 12
3 36 10 9
3 37 27 35
3 38 26 39
3 39 20 9
4 0 3 36
4 1 3 23
4 2 14 0
4 3 34 5
4 4 0 25
4 5 16 37
4 6 31 16
4 7 6 15
4 8 15 35
4 9 25 1
4 10 20 34
4 11 11 11
4 12 29 20
4 13 33 12
4 14 4 39
4 15 10 28
4 16 33 38
4 17 28 4
4 18 14 33
4 19 1 4
4 20 8 23
4 21 31 13
4 22 35 12
4 23 33 5
4 24 10 20
4 25 32 15
4 26 17 29
4 27 39 28
4 28 29 24
4 29 10 39
4 30 37 5
4 31 7 14
4 32 11 35
4 33 19 12
4 34 1 10
4 35 0 5
4 36 16 39
4 37 20 12
4 38 32 20
4 39 13 9
5 0 19 19
5 1 34 26
5 2 17 19
5 3 21 22
5 4 12 35
5 5 16 27
5 6 8 31
5 7 6 17
5 8 33 31
5 9 34 21
5 10 15 15
5 11 27 10
5 12 4 23
5 13 15 32
5 14 8 36
5 15 14 36
5 16 16 18
5 17 27 13
5 18 27 33
5 19 6 24
5 20 35 10
5 21 20 13
5 22 11 34
5 23 33 22
5 24 8 5
5 25 2 5
5 26 38 13
5 27 34 34
5 28 30 12
5 29 10 29
5 30 2 21
5 31 31 21
5 32 13 16
5 33 30 20
5 34 7 26
5 35 24 23
5 36 10 7
5 37 35 31
5 38 11 37
5 39 15 11
6 0 14 2
6 1 8 15
6 2 36 7
6 3 18 26
6 4 31 7
6 5 0 16
6 6 1 20
6 7 17 28
6 8 32 24
6 9 33 36
6 10 16 7
6 11 17 23
6 12 8 18
6 13 38 8
6 14 34 16
6 15 4 10
6 16 7 8
6 17 24 21
6 18 1 27
6 19 18 2
6 20 10 31
6 21 23 35
6 22 36 5
6 23 18 14
6 24 34 9
6 25 34 0
6 26 35 38
6 27 15 20
6 28 26 19
6 29 34 37
6 30 20 4
6 31 35 6
6 32 36 0
6 33 27 34
6 34 25 35
6 35 15 12
6 36 30 28
6 37 4 38
6 38 15 23
6 39 39 26
7 0 6 9
7 1 14 15
7 2 29 13
7 3 3 39
7 4 39 20
7 5 33 28
7 6 12 11
7 7 7 22
7 8 26 2
7 9 18 17
7 10 25 16
7 11 21 1
7 12 34 4
7 13 18 36
7 14 11 36
7 15 26 3
7 16 7 33
7 17 37 16
7 18 1 39
7 19 12 5
7 20 24 33
7 21 36 11
7 22 31 1
7 23 12 21
7 24 31 37
7 25 27 8
7 26 0 8
7 27 37 9
7 28 0 31
7 29 4 5
7 30 15 7
7 31 27 31
7 32 9 8
7 33 3 14
7 34 13 11
7 35 6 7
7 36 23 27
7 37 26 1
7 38 17 8
7 39 23 39
8 0 2 38
8 1 32 32
8 2 1 7
8 3 23 36
8 4 13 25
8 5 38 32
8 6 27 22
8 7 11 15
8 8 20 23
8 9 11 28
8 10 0 7
8 11 20 0
8 12 3 13
8 13 8 28
8 14 3 11
8 15 0 24
8 16 24 10
8 17 10 25
8 18 7 7
8 19 6 0
8 20 36 2
8 21 28 22
8 22 33 18
8 23 27 29
8 24 19 35
8 25 22 5
8 26 15 39
8 27 15 16
8 28 1 38
8 29 9 17
8 30 1 17
8 31 29 31
8 32 24 39
8 33 17 17
8 34 5 26
8 35 18 3
8 36 33 1
8 37 16 3
8 38 5 21
8 39 36 18
9 0 30 15
9 1 4 33
9 2 20 2
9 3 25 21
9 4 17 14
9 5 9 1
9 6 23 33
9 7 3 38
9 8 12 27
9 9 7 13
9 10 5 18
9 11 18 22
9 12 34 17
9 13 26 20
9 14 32 7
9 15 21 2
9 16 38 28
9 17 33 35
9 18 33 26
9 19 24 28
9 20 1 37
9 21 29 4
9 22 29 2
9 23 33 32
9 24 5 3
9 25 16 19
9 26 31 32
9 27 6 12
9 28 26 24
9 29 16 29
9 30 12 6
9 31 19 1
9 32 13 32
9 33 13 2
9 34 10 21
9 35 33 24
9 36 9 38
9 37 14 30
9 38 17 27
9 39 7 17
10 0 5 1
10 1 0 32
10 2 7 23
10 3 11 1
10 4 32 12
10 5 25 12
10 6 15 36
10 7 8 33
10 8 7 28
10 9 39 37
10 10 24 0
10 11 33 27
10 12 2 26
10 13 18 31
10 14 11 17
10 15 1 26
10 16 31 27
10 17 34 27
10 18 35 22
10 19 32 31
10 20 13 0
10 21 36 33
10 22 8 26
10 23 18 25
10 24 19 13
10 25 36 8
10 26 11 24
10 27 7 18
10 28 26 16
10 29 25 10
10 30 4 1
10 31 22 38
10 32 5 14
10 33 16 35
10 34 13 39
10 35 29 0
10 36 11 2
10 37 37 27
10 38 22 4
10 39 34 15
11 0 37 0
11 1 7 21
11 2 20 22
11 3 9 15
11 4 35 2
11 5 36 21
11 6 9 30
11 7 13 36
11 8 37 28
11 9 29 15
11 10 5 23
11 11 0 27
11 12 23 20
11 13 2 16
11 14 14 22
11 15 2 39
11 16 22 23
11 17 21 13
11 18 39 3
11 19 37 25
11 20 27 26
11 21 20 35
11 22 29 10
11 23 22 8
11 24 23 10
11 25 8 9
11 26 28 1
11 27 24 16
11 28 3 26
11 29 2 2
11 30 38 36
11 31 8 13
11 32 15 34
11 33 3 33
11 34 37 29
11 35 8 6
11 36 24 17
11 37 8 38
11 38 2 13
11 39 28 5
12 0 14 34
12 1 33 16
12 2 38 11
12 3 17 9
12 4 34 8
12 5 37 32
12 6 24 18
12 7 2 27
12 8 31 29
12 9 17 36
12 10 24 11
12 11 11 9
12 12 12 25
12 13 21 6
12 14 9 35
12 15 11 39
12 16 37 33
12 17 22 26
12 18 4 15
12 19 16 22
12 20 39 29
12 21 38 38
12 22 10 24
12 23 34 7
12 24 19 20
12 25 26 13
12 26 19 32
12 27 39 33
12 28 31 0
12 29 36 22
12 30 8 10
12 31 16 15
12 32 31 5
12 33 33 0
12 34 16 25
12 35 23 7
12 36 23 34
12 37 3 17
12 38 9 14
12 39 18 0
13 0 12 18
13 1 9 0
13 2 39 23
13 3 15 29
13 4 12 36
13 5 32 3
13 6 32 22
13 7 35 5
13 8 34 24
13 9 28 9
13 10 24 5
13 11 25 18
13 12 30 33
13 13 21 25
13 14 21 11
13 15 28 29
13 16 29 17
13 17 32 37
13 18 23 3
13 19 33 4
13 20 14 31
13 21 32 14
13 22 5 15
13 23 34 29
13 24 25 5
13 25 26 12
13 26 24 34
13 27 36 15
13 28 6 31
13 29 18 32
13 30 22 11
13 31 20 1
13 32 37 14
13 33 22 25
13 34 22 19
13 35 5 0
13 36 23 18
13 37 31 31
13 38 28 31
13 39 19 22
14 0 35 18
14 1 36 35
14 2 13 27
14 3 8 12
14 4 12 7
14 5 4 0
14 6 2 15
14 7 0 38
14 8 9 2
14 9 10 36
14 10 29 5
14 11 8 1
14 12 14 7
14 13 8 11
14 14 19 0
14 15 34 30
14 16 33 23
14 17 24 27
14 18 11 26
14 19 37 39
14 20 15 4
14 21 12 14
14 22 5 29
14 23 6 20
14 24 6 21
14 25 24 13
14 26 30 10
14 27 15 5
14 28 20 5
14 29 29 22
14 30 15 37
14 31 20 3
14 32 6 29
14 33 5 5
14 34 26 18
14 35 13 24
14 36 14 25
14 37 17 1
14 38 30 18
14 39 2 33
15 0 22 9
15 1 10 17
15 2 31 3
15 3 28 2
15 4 33 10
15 5 30 31
15 6 26 32
15 7 11 33
15 8 27 32
15 9 22 33
15 10 17 7
15 11 9 22
15 12 2 37
15 13 31 2
15 14 31 33
15 15 4 17
15 16 37 12
15 17 34 31
15 18 0 20
15 19 32 30
15 20 10 10
15 21 33 20
15 22 14 29
15 23 12 8
15 24 0 14
15 25 15 19
15 26 13 26
15 27 24 37
15 28 12 1
15 29 30 26
15 30 7 37
15 31 12 23
15 32 38 31
15 33 21 39
15 34 27 27
15 35 36 10
15 36 34 38
15 37 10 3
15 38 24 26
15 39 26 4
16 0 4 2
16 1 31 38
16 2 7 34
16 3 29 39
16 4 22 27
16 5 36 36
16 6 3 18
16 7 31 20
16 8 20 38
16 9 31 35
16 10 16 30
16 11 22 34
16 12 9 19
16 13 2 25
16 14 18 38
16 15 2 30
16 16 4 21
16 17 23 0
16 18 25 15
16 19 35 21
16 20 23 16
16 21 24 4
16 22 6 38
16 23 29 34
16 24 14 32
16 25 4 31
16 26 22 0
16 27 26 37
16 28 35 28
16 29 1 18
16 30 11 14
16 31 14 28
16 32 33 3
16 33 18 18
16 34 35 19
16 35 12 26
16 36 25 0
16 37 10 5
16 38 30 7
16 39 29 28
17 0 25 28
17 1 31 15
17 2 33 30
17 3 25 38
17 4 31 23
17 5 6 34
17 6 11 22
17 7 30 5
17 8 37 37
17 9 35 13
17 10 21 24
17 11 28 0
17 12 34 39
17 13 1 13
17 14 19 10
17 15 38 33
17 16 15 8
17 17 23 14
17 18 2 29
17 19 11 31
17 20 12 15
17 21 19 31
17 22 29 35
17 23 11 3
17 24 15 18
17 25 25 33
17 26 30 37
17 27 20 25
17 28 9 13
17 29 27 17
17 30 38 1
17 31 2 22
17 32 4 18
17 33 7 16
17 34 29 11
17 35 8 0
17 36 26 25
17 37 24 12
17 38 7 6
17 39 14 19
18 0 8 4
18 1 33 8
18 2 27 2
18 3 7 32
18 4 18 29
18 5 10 35
18 6 8 20
18 7 37 36
18 8 28 16
18 9 30 39
18 10 20 33
18 11 14 11
18 12 9 21
18 13 34 18
18 14 26 21
18 15 0 11
18 16 31 6
18 17 4 25
18 18 7 15
18 19 21 17
18 20 2 20
18 21 36 37
18 22 30 27
18 23 27 18
18 24 36 1
18 25 30 1
18 26 3 5
18 27 20 32
18 28 27 36
18 29 8 24
18 30 21 10
18 31 34 11
18 32 39 12
18 33 39 4
18 34 6 11
18 35 4 4
18 36 27 25
18 37 30 23
18 38 10 15
18 39 27 19
19 0 15 10
19 1 17 21
19 2 13 17
19 3 34 10
19 4 24 32
19 5 13 19
19 6 39 8
19 7 30 25
19 8 11 30
19 9 12 34
19 10 21 15
19 11 13 18
19 12 23 5
19 13 36 17
19 14 2 34
19 15 11 6
19 16 24 22
19 17 19 23
19 18 34 13
19 19 23 8
19 20 38 5
19 21 19 25
19 22 7 5
19 23 26 15
19 24 23 17
19 25 39 19
19 26 13 5
19 27 35 29
19 28 19 38
19 29 2 4
19 30 25 13
19 31 39 1
19 32 17 10
19 33 36 32
19 34 13 1
19 35 15 14
19 36 27 23
19 37 37 2
19 38 10 30
19 39 20 16
20 0 16 26
20 1 18 27
20 2 28 15
20 3 5 27
20 4 32 19
20 5 3 8
20 6 1 30
20 7 29 38
20 8 0 13
20 9 6 22
20 10 38 3
20 11 21 8
20 12 9 12
20 13 35 4
20 14 8 21
20 15 35 25
20 16 6 32
20 17 3 0
20 18 32 23
20 19 26 30
20 20 29 26
20 21 18 4
20 22 17 35
20 23 23 37
20 24 16 31
20 25 18 12
20 26 9 25
20 27 21 4
20 28 12 2
20 29 11 21
20 30 27 38
20 31 33 19
20 32 22 2
20 33 22 28
20 34 39 6
20 35 33 9
20 36 7 3
20 37 21 18
20 38 9 34
20 39 30 32
21 0 11 32
21 1 18 30
21 2 16 23
21 3 21 37
21 4 37 1
21 5 12 32
21 6 12 20
21 7 11 8
21 8 23 32
21 9 7 11
21 10 39 18
21 11 6 6
21 12 38 17
21 13 12 17
21 14 11 23
21 15 39 30
21 16 27 39
21 17 24 8
21 18 14 18
21 19 9 16
21 20 22 32
21 21 5 30
21 22 30 30
21 23 20 31
21 24 14 3
21 25 37 7
21 26 32 28
21 27 16 9
21 28 28 18
21 29 17 34
21 30 7 24
21 31 15 27
21 32 10 0
21 33 38 37
21 34 12 33
21 35 15 1
21 36 30 4
21 37 22 31
21 38 3 9
21 39 15 26
22 0 10 32
22 1 17 12
22 2 39 2
22 3 23 1
22 4 12 16
22 5 31 11
22 6 32 17
22 7 9 9
22 8 33 25
22 9 14 39
22 10 32 6
22 11 13 13
22 12 36 26
22 13 28 37
22 14 7 10
22 15 28 36
22 16 26 29
22 17 25 30
22 18 6 13
22 19 31 34
22 20 23 9
22 21 18 16
22 22 30 34
22 23 9 7
22 24 31 28
22 25 4 12
22 26 39 9
22 27 5 20
22 28 0 37
22 29 34 20
22 30 27 15
22 31 1 29
22 32 13 14
22 33 13 28
22 34 32 16
22 35 14 24
22 36 30 8
22 37 13 34
22 38 35 36
22 39 12 38
23 0 37 3
23 1 24 1
23 2 7 39
23 3 38 12
23 4 35 33
23 5 34 22
23 6 3 16
23 7 21 21
23 8 21 28
23 9 28 19
23 10 19 39
23 11 29 25
23 12 1 34
23 13 23 29
23 14 5 4
23 15 27 12
23 16 37 24
23 17 8 27
23 18 38 22
23 19 6 35
23 20 23 22
23 21 20 7
23 22 5 34
23 23 18 19
23 24 32 0
23 25 9 32
23 26 33 29
23 27 29 19
23 28 5 38
23 29 28 13
23 30 28 33
23 31 35 8
23 32 16 2
23 33 4 30
23 34 5 13
23 35 0 30
23 36 20 15
23 37 3 12
23 38 16 36
23 39 17 4
24 0 26 0
24 1 17 39
24 2 35 26
24 3 2 19
24 4 19 33
24 5 37 13
24 6 26 8
24 7 10 19
24 8 18 13
24 9 2 23
24 10 21 38
24 11 12 31
24 12 11 13
24 13 29 6
24 14 33 39
24 15 39 25
24 16 1 2
24 17 26 34
24 18 15 21
24 19 35 15
24 20 34 1
24 21 36 34
24 22 32 29
24 23 11 19
24 24 29 32
24 25 14 26
24 26 39 32
24 27 10 14
24 28 35 24
24 29 1 12
24 30 29 16
24 31 22 36
24 32 18 37
24 33 19 30
24 34 7 38
24 35 35 1
24 36 14 17
24 37 17 38
24 38 6 37
24 39 34 36
25 0 15 25
25 1 9 37
25 2 8 8
25 3 39 35
25 4 28 38
25 5 22 6
25 6 27 30
25 7 9 24
25 8 0 10
25 9 25 17
25 10 22 14
25 11 12 22
25 12 3 25
25 13 2 9
25 14 33 37
25 15 3 2
25 16 15 31
25 17 28 24
25 18 4 6
25 19 18 28
25 20 6 16
25 21 3 15
25 22 27 7
25 23 36 39
25 24 31 24
25 25 25 37
25 26 18 5
25 27 3 27
25 28 0 29
25 29 23 15
25 30 15 38
25 31 2 28
25 32 15 28
25 33 4 14
25 34 11 20
25 35 11 5
25 36 12 19
25 37 2 11
25 38 23 6
25 39 11 4
26 0 2 24
26 1 19 4
26 2 17 16
26 3 19 34
26 4 0 23
26 5 4 9
26 6 4 11
26 7 36 27
26 8 19 9
26 9 31 30
26 10 28 26
26 11 2 35
26 12 24 25
26 13 7 12
26 14 20 20
26 15 24 31
26 16 21 20
26 17 16 28
26 18 25 24
26 19 13 20
26 20 22 30
26 21 19 3
26 22 2 14
26 23 28 11
26 24 37 10
26 25 26 5
26 26 27 0
26 27 38 26
26 28 5 33
26 29 4 34
26 30 3 3
26 31 38 39
26 32 15 30
26 33 22 39
26 34 10 16
26 35 23 12
26 36 2 7
26 37 38 10
26 38 25 39
26 39 21 32
27 0 9 6
27 1 35 9
27 2 28 3
27 3 34 6
27 4 23 2
27 5 0 19
27 6 30 0
27 7 17 30
27 8 29 36
27 9 16 21
27 10 3 32
27 11 35 37
27 12 16 17
27 13 5 25
27 14 34 12
27 15 12 9
27 16 22 18
27 17 4 26
27 18 29 30
27 19 16 10
27 20 3 31
27 21 0 0
27 22 1 22
27 23 30 11
27 24 4 22
27 25 38 7
27 26 0 17
27 27 20 19
27 28 24 2
27 29 39 24
27 30 5 31
27 31 16 38
27 32 27 3
27 33 18 11
27 34 13 12
27 35 36 9
27 36 26 26
27 37 22 24
27 38 14 37
27 39 4 19
28 0 29 8
28 1 27 21
28 2 6 30
28 3 25 36
28 4 26 10
28 5 16 0
28 6 37 38
28 7 7 27
28 8 8 35
28 9 39 27
28 10 13 8
28 11 13 10
28 12 37 31
28 13 13 37
28 14 6 23
28 15 3 10
28 16 14 16
28 17 16 20
28 18 31 17
28 19 5 7
28 20 34 32
28 21 37 35
28 22 21 35
28 23 5 19
28 24 25 8
28 25 24 19
28 26 23 28
28 27 15 17
28 28 25 3
28 29 13 35
28 30 13 15
28 31 29 14
28 32 8 29
28 33 2 18
28 34 19 15
28 35 23 26
28 36 21 9
28 37 20 28
28 38 16 8
28 39 39 38
29 0 18 15
29 1 38 34
29 2 25 20
29 3 19 27
29 4 24 7
29 5 0 6
29 6 39 39
29 7 0 34
29 8 7 25
29 9 5 17
29 10 9 20
29 11 7 9
29 12 19 16
29 13 37 11
29 14 0 18
29 15 18 21
29 16 7 4
29 17 39 15
29 18 33 15
29 19 12 0
29 20 14 20
29 21 12 39
29 22 39 22
29 23 6 2
29 24 6 1
29 25 19 17
29 26 35 34
29 27 32 21
29 28 32 26
29 29 30 19
29 30 36 20
29 31 13 6
29 32 30 29
29 33 6 28
29 34 8 17
29 35 39 14
29 36 26 7
29 37 0 3
29 38 28 21
29 39 39 21
30 0 5 24
30 1 3 6
30 2 17 24
30 3 15 3
30 4 6 19
30 5 24 3
30 6 21 29
30 7 33 6
30 8 36 4
30 9 39 13
30 10 31 8
30 11 24 15
30 12 1 1
30 13 11 29
30 14 35 14
30 15 32 10
30 16 12 10
30 17 5 6
30 18 21 33
30 19 7 20
30 20 14 13
30 21 4 13
30 22 1 16
30 23 22 35
30 24 36 31
30 25 5 37
30 26 1 3
30 27 26 31
30 28 4 35
30 29 3 1
30 30 2 6
30 31 13 23
30 32 11 38
30 33 1 36
30 34 5 12
30 35 27 9
30 36 5 36
30 37 14 10
30 38 36 13
30 39 13 29
31 0 7 31
31 1 32 35
31 2 0 39
31 3 17 11
31 4 15 6
31 5 24 6
31 6 25 34
31 7 12 24
31 8 7 29
31 9 0 21
31 10 10 33
31 11 38 2
31 12 34 28
31 13 38 14
31 14 28 34
31 15 39 7
31 16 6 25
31 17 9 36
31 18 24 35
31 19 20 26
31 20 13 21
31 21 32 5
31 22 1 6
31 23 25 19
31 24 6 27
31 25 38 0
31 26 22 16
31 27 21 14
31 28 33 34
31 29 38 29
31 30 1 8
31 31 4 3
31 32 25 6
31 33 39 0
31 34 12 30
31 35 28 30
31 36 10 2
31 37 3 7
31 38 4 24
31 39 22 37
32 0 27 37
32 1 21 26
32 2 39 31
32 3 25 26
32 4 12 3
32 5 38 27
32 6 29 9
32 7 1 25
32 8 25 4
32 9 13 22
32 10 4 32
32 11 2 10
32 12 36 38
32 13 29 18
32 14 26 23
32 15 6 36
32 16 5 28
32 17 8 34
32 18 36 3
32 19 4 28
32 20 15 2
32 21 31 36
32 22 35 17
32 23 4 36
32 24 10 34
32 25 18 20
32 26 6 33
32 27 25 7
32 28 12 4
32 29 34 25
32 30 36 14
32 31 3 21
32 32 10 27
32 33 18 24
32 34 9 11
32 35 20 37
32 36 17 37
32 37 30 2
32 38 8 16
32 39 35 35
33 0 13 3
33 1 1 33
33 2 19 37
33 3 37 20
33 4 25 25
33 5 32 9
33 6 18 23
33 7 28 12
33 8 8 14
33 9 11 25
33 10 1 0
33 11 31 25
33 12 1 11
33 13 17 18
33 14 16 1
33 15 37 23
33 16 9 28
33 17 9 26
33 18 5 35
33 19 36 30
33 20 12 37
33 21 9 10
33 22 22 7
33 23 21 12
33 24 10 12
33 25 27 28
33 26 1 31
33 27 39 5
33 28 19 14
33 29 32 38
33 30 33 13
33 31 32 1
33 32 5 10
33 33 24 36
33 34 8 2
33 35 15 24
33 36 18 34
33 37 3 4
33 38 30 3
33 39 0 28
34 0 22 21
34 1 26 11
34 2 30 17
34 3 6 18
34 4 32 13
34 5 0 22
34 6 38 18
34 7 8 32
34 8 35 32
34 9 16 16
34 10 27 6
34 11 18 9
34 12 18 7
34 13 32 8
34 14 0 33
34 15 21 23
34 16 28 14
34 17 20 14
34 18 17 20
34 19 2 8
34 20 38 6
34 21 12 12
34 22 6 5
34 23 2 3
34 24 24 38
34 25 0 26
34 26 6 4
34 27 19 26
34 28 31 26
34 29 38 30
34 30 0 36
34 31 19 8
34 32 30 16
34 33 8 39
34 34 38 25
34 35 17 3
34 36 16 5
34 37 25 29
34 38 27 24
34 39 27 1
35 0 21 31
35 1 28 6
35 2 37 6
35 3 39 16
35 4 23 13
35 5 25 14
35 6 20 30
35 7 38 24
35 8 16 13
35 9 32 11
35 10 9 4
35 11 25 23
35 12 29 33
35 13 29 21
35 14 1 9
35 15 14 5
35 16 22 1
35 17 19 7
35 18 9 39
35 19 27 16
35 20 20 21
35 21 4 20
35 22 16 14
35 23 13 30
35 24 34 33
35 25 35 39
35 26 7 2
35 27 14 4
35 28 33 14
35 29 37 17
35 30 23 19
35 31 0 35
35 32 2 32
35 33 27 20
35 34 13 7
35 35 18 6
35 36 32 33
35 37 30 14
35 38 0 1
35 39 21 16
36 0 16 34
36 1 37 26
36 2 32 25
36 3 8 30
36 4 31 39
36 5 8 3
36 6 2 17
36 7 15 9
36 8 37 18
36 9 1 32
36 10 19 11
36 11 10 18
36 12 38 20
36 13 10 4
36 14 36 6
36 15 14 14
36 16 10 8
36 17 24 24
36 18 25 32
36 19 20 11
36 20 29 29
36 21 36 24
36 22 8 7
36 23 16 33
36 24 21 3
36 25 34 19
36 26 21 5
36 27 17 6
36 28 35 27
36 29 35 0
36 30 21 19
36 31 38 21
36 32 7 36
36 33 18 8
36 34 2 31
36 35 26 27
36 36 18 1
36 37 13 33
36 38 23 24
36 39 3 22
37 0 27 11
37 1 23 23
37 2 14 23
37 3 11 16
37 4 0 15
37 5 17 25
37 6 31 22
37 7 32 34
37 8 7 0
37 9 29 3
37 10 4 7
37 11 3 30
37 12 7 30
37 13 29 12
37 14 22 15
37 15 16 24
37 16 26 6
37 17 19 21
37 18 2 36
37 19 6 10
37 20 23 11
37 21 9 18
37 22 5 9
37 23 32 39
37 24 12 29
37 25 23 30
37 26 10 6
37 27 28 27
37 28 10 11
37 29 22 22
37 30 24 30
37 31 14 6
37 32 1 15
37 33 28 10
37 34 37 15
37 35 10 37
37 36 31 14
37 37 30 35
37 38 18 39
37 39 28 32
38 0 9 3
38 1 36 16
38 2 6 14
38 3 10 22
38 4 34 3
38 5 1 19
38 6 31 4
38 7 18 35
38 8 36 25
38 9 33 21
38 10 24 20
38 11 3 20
38 12 21 0
38 13 26 38
38 14 16 12
38 15 39 17
38 16 7 1
38 17 17 22
38 18 25 31
38 19 35 3
38 20 3 37
38 21 22 12
38 22 16 32
38 23 28 28
38 24 26 36
38 25 13 38
38 26 20 27
38 27 39 11
38 28 38 9
38 29 0 4
38 30 19 24
38 31 5 16
38 32 7 19
38 33 3 35
38 34 3 28
38 35 36 12
38 36 37 19
38 37 37 22
38 38 35 16
38 39 15 0
39 0 33 17
39 1 34 35
39 2 5 8
39 3 36 28
39 4 17 2
39 5 10 23
39 6 5 2
39 7 9 29
39 8 23 4
39 9 30 9
39 10 1 24
39 11 27 4
39 12 9 27
39 13 34 23
39 14 0 9
39 15 28 8
39 16 14 12
39 17 16 11
39 18 37 30
39 19 10 13
39 20 24 29
39 21 21 36
39 22 20 6
39 23 29 23
39 24 2 12
39 25 20 8
39 26 22 10
39 27 25 22
39 28 32 27
39 29 1 14
39 30 14 1
39 31 17 15
39 32 37 8
39 33 17 5
39 34 29 1
39 35 39 34
39 36 31 10
39 37 17 31
39 38 6 8
39 39 28 7
